% 150 routers. went from 9352 random to 9933.
>> 9352/cover

ans =

    0.6483

>> 9933/cover

ans =

    0.6886

>> [x,fval,exitflag,output,population,scores] = ...
    ga(objfun, nvars,[],[],[],[],LB,UB,[], IntCon, options);

                                  Best          Mean         Stall
Generation      Func-count     Penalty         Penalty    Generations
    1               40           -9352           -6922        0
    2               60           -9352           -6993        1
    3               80           -9352           -7631        2
    4              100           -9354           -8183        0
    5              120           -9354           -8522        1
    6              140           -9356           -8743        0
    7              160           -9356           -9081        1
    8              180           -9372           -9294        0
    9              200           -9372           -8981        1
   10              220           -9374           -9086        0
   11              240           -9374           -9039        1
   12              260           -9374           -9176        2
   13              280           -9374           -8992        3
   14              300           -9379           -9372        0
   15              320           -9379           -8893        1
   16              340           -9390           -9195        0
   17              360           -9390           -8883        1
   18              380           -9394           -9315        0
   19              400           -9394           -9364        1
   20              420           -9397           -9376        0
   21              440           -9398           -9346        0
   22              460           -9400           -9361        0
   23              480           -9400           -9352        1
   24              500           -9402           -9370        0
   25              520           -9402           -9138        1
   26              540           -9402           -8873        2
   27              560           -9402           -9393        3
   28              580           -9402           -9124        4
   29              600           -9402           -9339        5

                                  Best          Mean         Stall
Generation      Func-count     Penalty         Penalty    Generations
   30              620           -9402           -9286        6
   31              640           -9402           -8841        7
   32              660           -9402           -9353        8
   33              680           -9402           -9019        9
   34              700           -9402           -9364       10
   35              720           -9402           -9330       11
   36              740           -9402           -9160       12
   37              760           -9402           -9388       13
   38              780           -9402           -9400       14
   39              800           -9404           -9384        0
   40              820           -9406           -9135        0
   41              840           -9406           -9233        1
   42              860           -9406           -9209        2
   43              880           -9408           -9362        0
   44              900           -9410           -9402        0
   45              920           -9410           -9403        1
   46              940           -9410           -9404        2
   47              960           -9410           -9354        3
   48              980           -9411           -9375        0
   49             1000           -9411           -9154        1
   50             1020           -9411           -9349        2
   51             1040           -9411           -8946        3
   52             1060           -9411           -8675        4
   53             1080           -9411           -9387        5
   54             1100           -9411           -9394        6
   55             1120           -9411           -9353        7
   56             1140           -9411           -8866        8
   57             1160           -9416           -9227        0
   58             1180           -9453           -9329        0
   59             1200           -9453           -8832        1

                                  Best          Mean         Stall
Generation      Func-count     Penalty         Penalty    Generations
   60             1220           -9478           -9426        0
   61             1240           -9478           -9400        1
   62             1260           -9503           -9205        0
   63             1280           -9503           -9385        1
   64             1300           -9517           -9472        0
   65             1320           -9521           -9151        0
   66             1340           -9521           -9498        1
   67             1360           -9531           -9477        0
   68             1380           -9551           -9376        0
   69             1400           -9580           -9102        0
   70             1420           -9589           -9523        0
   71             1440           -9591           -9094        0
   72             1460           -9621           -9534        0
   73             1480           -9630           -9585        0
   74             1500           -9646           -9588        0
   75             1520           -9656           -9507        0
   76             1540           -9656           -9619        1
   77             1560           -9656           -9491        2
   78             1580           -9661           -9543        0
   79             1600           -9697           -9631        0
   80             1620           -9697           -9646        1
   81             1640           -9697           -9654        2
   82             1660           -9702           -9225        0
   83             1680           -9711           -9669        0
   84             1700           -9742           -8832        0
   85             1720           -9742           -9427        1
   86             1740           -9742           -9694        2
   87             1760           -9742           -9680        3
   88             1780           -9759           -9225        0
   89             1800           -9766           -9627        0

                                  Best          Mean         Stall
Generation      Func-count     Penalty         Penalty    Generations
   90             1820           -9770           -9280        0
   91             1840           -9781           -9598        0
   92             1860           -9785           -8985        0
   93             1880           -9785           -9571        1
   94             1900           -9785           -8933        2
   95             1920           -9804           -9694        0
   96             1940           -9804           -9561        1
   97             1960           -9823           -9650        0
   98             1980           -9823           -9430        1
   99             2000           -9823           -9720        2
  100             2020           -9823           -9457        3
  101             2040           -9841           -9312        0
  102             2060           -9842           -9465        0
  103             2080           -9850           -9646        0
  104             2100           -9870           -9707        0
  105             2120           -9870           -9317        1
  106             2140           -9870           -9832        2
  107             2160           -9887           -9849        0
  108             2180           -9887           -9864        1
  109             2200           -9887           -9085        2
  110             2220           -9888           -9868        0
  111             2240           -9888           -9726        1
  112             2260           -9890           -9613        0
